5,4788.03,119752,93
4,5052.22,119744,94
9,5017.84,119776,92
1,5419.14,119692,93
6,5035.01,119776,93
3,5707.24,119852,93
0,5259.34,119820,94
8,5634.37,119728,93
7,5383.94,119748,91
2,5779.05,119680,92
1,3607.82,119692,83
4,4393.56,119724,84
5,4183.07,119760,86
6,4531.63,119736,84
9,4730.03,119792,83
3,4329.28,119772,85
7,4140.92,119732,84
0,5155.73,119700,88
8,5869.00,119692,87
2,5322.95,119732,85
4,2823.07,119840,77
6,3262.65,119736,77
1,4301.96,119760,74
5,5039.88,119768,77
7,5314.08,119776,77
9,6075.27,119724,74
0,5231.91,119672,81
3,5155.68,119772,77
2,5558.76,119764,77
8,5526.32,119812,79
